0.0 0.0 0.0
0.0037893413100391626 -0.00032667722553014755 0.06858015805482864
0.0028594702016562223 0.0001070462167263031 0.07939846813678741
0.00024673843290656805 0.001596035435795784 0.09762279689311981
-0.002711856970563531 0.0012980159372091293 0.11990663409233093
-0.0060372925363481045 -0.001240074634552002 0.1426442265510559
-0.008659398183226585 -0.001391235738992691 0.17086176574230194
-0.0018584077479317784 -0.0007159896194934845 0.25263193249702454
0.004150008782744408 0.002666931599378586 0.3034372329711914
0.009363281540572643 0.001005750149488449 0.37245291471481323
0.022295797243714333 0.004042189568281174 0.4281100630760193
0.047345809638500214 0.0025101974606513977 0.5123788714408875
0.05061420425772667 0.00363072007894516 0.587609052658081
0.055208805948495865 0.004018455743789673 0.6742148995399475
0.042569905519485474 0.005490392446517944 0.7444210052490234
0.034345515072345734 0.006169050931930542 0.8038281798362732
0.031385328620672226 0.005847901105880737 0.8703762888908386
0.008336164057254791 0.007303938269615173 0.9271277785301208
-0.014853871427476406 0.0076263099908828735 0.9771409034729004
-0.03373551368713379 0.007187262177467346 1.0384529829025269
-0.0847475603222847 0.00900501012802124 1.0986648797988892
-0.14835891127586365 0.012619122862815857 1.1517915725708008
-0.22979998588562012 0.014539569616317749 1.1563136577606201
-0.322223961353302 0.01877288520336151 1.1602495908737183
-0.43044397234916687 0.01938602328300476 1.144418478012085
-0.5448253750801086 0.022281616926193237 1.1383140087127686
-0.6626033186912537 0.024849161505699158 1.117255687713623
-0.7855641841888428 0.02220436930656433 1.1203784942626953
-1.0417287349700928 0.02080485224723816 1.12293541431427
-1.3742763996124268 0.01938953995704651 1.1358206272125244
-1.5050146579742432 0.019331306219100952 1.166496753692627
-1.5467138290405273 0.013522103428840637 1.168290376663208
-1.5473098754882812 0.014692500233650208 1.1525951623916626
-1.5369737148284912 0.013965338468551636 1.1528232097625732
-1.4427530765533447 0.013347834348678589 1.1453181505203247
-1.3007619380950928 0.015297472476959229 1.112420916557312
-1.2668086290359497 0.020248055458068848 1.1027944087982178
-1.1803046464920044 0.01632295548915863 1.090083360671997
-1.0077463388442993 0.016973674297332764 1.0995100736618042
-0.8954656720161438 0.02580586075782776 1.117314100265503
-0.875322699546814 0.03355585038661957 1.1096117496490479
-0.781751811504364 0.02834327518939972 1.1294327974319458
-0.648816704750061 0.026064738631248474 1.1277523040771484
-0.529063880443573 0.028977707028388977 1.1165279150009155
-0.4299752414226532 0.026072397828102112 1.1052346229553223
-0.3776828646659851 0.031582847237586975 1.1110384464263916
-0.3141506612300873 0.03555557131767273 1.1157760620117188
-0.27192673087120056 0.034388020634651184 1.1132713556289673
-0.239793598651886 0.031024575233459473 1.1231251955032349
-0.2375558316707611 0.02240486443042755 1.1192635297775269
-0.2748987376689911 0.028500229120254517 1.1190452575683594
-1.0050370693206787 0.024649128317832947 1.0478883981704712
-1.3244794607162476 0.028004512190818787 1.1220712661743164
-1.609778881072998 0.021961316466331482 1.1560900211334229
-1.8014440536499023 0.018978238105773926 1.1684684753417969
-1.9342761039733887 0.013261541724205017 1.1794512271881104
-1.7343628406524658 0.008642420172691345 1.14560866355896
-1.7286988496780396 0.013815775513648987 1.1796677112579346
-1.774949550628662 0.015581861138343811 1.417429804801941
-1.7725582122802734 0.01560242474079132 1.6838077306747437
-1.765811800956726 0.017049968242645264 2.0046896934509277
-1.7438149452209473 0.02074536681175232 2.512568712234497
-1.729537844657898 0.021539539098739624 2.700559616088867
-1.72650945186615 0.018928825855255127 2.8629350662231445
-1.7540987730026245 0.019583314657211304 2.918456792831421
-1.9202189445495605 0.01790761947631836 3.0203561782836914
-1.8385064601898193 0.020026087760925293 2.86342716217041
-1.8309416770935059 0.02002650499343872 2.7976953983306885
-1.8174504041671753 0.021588236093521118 2.7261178493499756
-1.826320767402649 0.01995036005973816 2.6275103092193604
-1.7918082475662231 0.016900569200515747 2.4530720710754395
-1.7348616123199463 0.017762094736099243 2.2289059162139893
-1.6778571605682373 0.013615280389785767 2.004002094268799
-1.700778841972351 0.013983488082885742 1.7488527297973633
-1.7130787372589111 0.015196993947029114 1.4918845891952515
-1.6927129030227661 0.017687052488327026 1.2563228607177734
-1.6481035947799683 0.015750810503959656 1.1495627164840698
-1.312341570854187 0.017136290669441223 1.0654518604278564
-0.8893994092941284 0.011876747012138367 1.0785399675369263
-0.8278510570526123 0.009447827935218811 1.248512625694275
-0.838657796382904 0.01104755699634552 1.556305170059204
-0.8612908720970154 0.008963987231254578 1.7149032354354858
-0.9730710387229919 0.011837944388389587 1.6329609155654907
-1.2854702472686768 0.014100506901741028 1.6115236282348633
-1.5590217113494873 0.008430913090705872 1.66018807888031
-1.620631456375122 0.009037613868713379 1.5092827081680298
-1.6280649900436401 0.0016120672225952148 1.443307876586914
-1.6298749446868896 0.002324044704437256 1.5336097478866577
-1.6980160474777222 0.009217172861099243 1.9831985235214233
-1.6959865093231201 0.009599894285202026 2.4257969856262207
-1.7316645383834839 0.017427533864974976 2.7522449493408203
-1.5505787134170532 0.018893182277679443 2.9889333248138428
-1.357564926147461 0.01768571138381958 2.980276107788086
-1.1948440074920654 0.020187050104141235 2.935807704925537
-1.0709019899368286 0.01787012815475464 2.8806896209716797
-1.001067876815796 0.01826786994934082 2.8110971450805664
-0.9632028937339783 0.01941770315170288 2.8477137088775635
-0.8470654487609863 0.02247709035873413 2.7858808040618896
-0.8357555270195007 0.01991325616836548 2.6910150051116943
-0.8340611457824707 0.01887264847755432 2.672553539276123
-0.9517480134963989 0.016491800546646118 2.787888526916504
-1.1106075048446655 0.020677268505096436 2.8513340950012207
-0.9011476039886475 0.02307984232902527 2.7697720527648926
-0.7374095320701599 0.026176244020462036 2.648033857345581
-0.6341245174407959 0.030898183584213257 2.4726381301879883
-0.4219348132610321 0.03516086935997009 2.362215280532837
-0.20635151863098145 0.037242382764816284 2.3047213554382324
-0.047252632677555084 0.03896638751029968 2.2890727519989014
0.12841574847698212 0.04397904872894287 2.278430461883545
0.24724699556827545 0.042812198400497437 2.2799134254455566
0.3545286953449249 0.04457300901412964 2.285518169403076
0.4149051606655121 0.04855412244796753 2.289970874786377
0.48676231503486633 0.0486108660697937 2.2956669330596924
0.5376054644584656 0.05143284797668457 2.303046703338623
0.5783491730690002 0.05517679452896118 2.2862725257873535
0.596218466758728 0.05667361617088318 2.281248092651367
0.5322155356407166 0.05009728670120239 2.303072214126587
0.46623608469963074 0.05043390393257141 2.2956795692443848
0.38116174936294556 0.045387089252471924 2.2993812561035156
0.2856132984161377 0.043936848640441895 2.289307117462158
0.1620413064956665 0.03939303755760193 2.276895761489868
0.03638402000069618 0.03632363677024841 2.2693443298339844
-0.10494738072156906 0.03532987833023071 2.24815034866333
-0.21448646485805511 0.034567296504974365 2.2393715381622314
-0.2992267608642578 0.04301029443740845 2.2372632026672363
-0.34972918033599854 0.03430137038230896 2.2460999488830566
-0.34247472882270813 0.026383936405181885 2.2299511432647705
-0.30035409331321716 0.03336697816848755 2.1282570362091064
-0.3119228780269623 0.032270967960357666 1.9023524522781372
-0.22397062182426453 0.03215889632701874 1.792984127998352
-0.019379446282982826 0.03310610353946686 1.787858247756958
0.1539013385772705 0.03654405474662781 1.7994685173034668
0.35300213098526 0.04408825933933258 1.8299442529678345
0.4775008261203766 0.04109564423561096 1.8424527645111084
0.5069310069084167 0.04014478623867035 1.8369097709655762
0.378304123878479 0.04094943404197693 1.8465070724487305
0.23022273182868958 0.04289788007736206 1.8537741899490356
-0.13687029480934143 0.04330335557460785 1.8868675231933594
-0.21350044012069702 0.04346144199371338 1.895727515220642
-0.27432000637054443 0.04462727904319763 1.8352611064910889
-0.16381706297397614 0.01735307276248932 1.4144279956817627
-0.16626904904842377 0.011583060026168823 1.6601508855819702
-0.2452511042356491 0.03207388520240784 1.8167541027069092
-0.31024765968322754 -0.031739577651023865 1.3275929689407349
-0.37273678183555603 0.018088623881340027 1.2230405807495117
-0.609404981136322 0.018023043870925903 1.1539223194122314
-0.5190358757972717 0.014282956719398499 1.1428825855255127
-0.17304305732250214 0.03369273245334625 1.1190881729125977
-0.017896903678774834 0.01747855544090271 0.9661521315574646
-0.014636966399848461 0.007430963218212128 0.6338485479354858
