471 0.128536 -2.36237 -0.109477
471 0.0810368 -2.62288 -0.0406566
471 -0.0190819 -2.35564 -0.193092
471 0.13652 -2.3562 -0.109359
471 0.0825778 -2.34827 -0.155732
471 0.0916682 -2.36058 -0.133281
471 0.123745 -2.54802 -0.0134072
471 0.130445 -2.5536 -0.00809939
471 0.0661658 -2.39769 -0.158372
471 0.164421 -2.44771 0.0188142
471 0.281301 -2.39421 -0.00569201
471 0.266521 -2.4393 0.00390037
471 0.295387 -2.42869 0.0207825
471 -0.0169926 -2.35157 -0.182792
471 0.104128 -2.40309 -0.0920747
471 -0.0566105 -2.5001 -0.0872815
471 0.0167112 -2.51853 -0.0653901
471 0.230571 -2.46702 0.00945767
471 -0.0235561 -2.49961 -0.0816919
471 0.149834 -2.43619 -0.0355199
471 0.210859 -2.39705 -0.0262111
471 -0.0207794 -2.48679 -0.0871002
471 0.134803 -2.41726 -0.0812011
471 0.174974 -2.543 -0.0328733
471 0.132145 -2.53841 -0.0216631
471 0.0999233 -2.41117 -0.0459187
471 -0.0980681 -2.40898 -0.1485
471 -0.0696094 -2.4707 -0.0959565
471 -0.0487789 -2.42834 -0.132515
471 0.107387 -2.55878 -0.0198673
471 0.0826284 -2.55645 -0.0403767
471 0.103343 -2.50359 -0.0545159
471 -0.0389635 -2.43215 -0.137124
471 0.0798959 -2.39441 -0.124016
471 0.072074 -2.57514 -0.0303542
471 0.00090633 -2.50172 -0.0792852
471 -0.00132816 -2.51792 -0.0726913
471 0.151129 -2.48964 0.0330812
471 0.123739 -2.52302 -0.0254095
471 -0.104562 -2.40244 -0.146776
471 -0.0847091 -2.40686 -0.139926
471 -0.0973701 -2.4054 -0.139362
471 0.0420939 -2.38087 -0.134589
470 0.106199 -2.4036 -0.0912953
469 0.151685 -2.43472 -0.0379579
467 -0.0294435 -2.43484 -0.102706
467 0.0218205 -2.46066 -0.0906663
467 -0.133146 -2.47196 -0.112228
467 -0.101406 -2.40938 -0.164561
466 -0.0667596 -2.4118 -0.177771
465 -0.0922224 -2.40482 -0.176908
465 0.0816475 -2.39402 -0.123537
463 0.0665145 -2.42431 -0.0943976
463 0.0932522 -2.40132 -0.101092
462 0.163448 -2.37972 -0.0804552
459 0.0549027 -2.52463 -0.0500609
459 0.00104813 -2.4067 -0.158966
458 0.19038 -2.40563 -0.0319197
457 0.262127 -2.36065 -0.0100314
457 -0.0674509 -2.41796 -0.153175
457 -0.0554925 -2.49094 -0.092035
457 0.14003 -2.39321 -0.0766779
457 0.0425151 -2.36867 -0.18846
457 0.18624 -2.451 0.00272981
453 -0.165072 -2.45944 -0.121924
453 -0.164993 -2.45744 -0.122176
453 -0.151172 -2.46739 -0.111263
451 0.0532 -2.36157 -0.192019
450 -0.0450909 -2.44162 -0.122647
449 0.0723812 -2.42414 -0.0951914
449 -0.0148618 -2.49523 -0.0800376
447 0.0824587 -2.52927 -0.0349539
446 0.150254 -2.4395 -0.0401978
444 0.177342 -2.53485 0.0254795
443 0.0537933 -2.38469 -0.134729
443 0.069431 -2.3904 -0.124127
442 0.0716169 -2.53933 -0.0459508
442 0.125611 -2.41741 -0.0707101
441 0.220535 -2.45148 0.0255674
441 0.412617 -2.39792 0.113907
441 0.0620082 -2.3869 -0.134332
440 0.433142 -2.24896 0.0808972
440 0.351171 -2.25585 -0.016203
440 0.141966 -2.30229 -0.184847
440 0.463646 -2.27295 0.138537
440 0.552922 -2.30987 0.182319
440 0.285218 -2.5005 0.0497785
440 0.409772 -2.40383 0.121007
440 0.276251 -2.33514 -0.00342957
440 0.404328 -2.36332 0.105506
440 0.36956 -2.25631 0.0380591
440 0.381205 -2.28711 0.0616345
436 -0.0554266 -2.47827 -0.0989546
436 0.0681711 -2.54828 -0.0441916
433 -0.088764 -2.4561 -0.119354
432 -0.0542034 -2.44484 -0.13259
432 0.108628 -2.55788 -0.0388173
431 -0.0828037 -2.45993 -0.125726
431 -0.0823547 -2.43469 -0.118806
429 0.101781 -2.49726 -0.0506755
429 0.119414 -2.51395 -0.0257898
429 -0.00507324 -2.46363 -0.0988643
429 -0.00210486 -2.48397 -0.0921798
429 0.119926 -2.55575 -0.0179303
428 -0.103013 -2.46776 -0.101707
428 0.12816 -2.53584 -0.0135646
428 -0.00449072 -2.61791 -0.061041
428 0.0637329 -2.6464 -0.0351986
428 0.030646 -2.65468 -0.0478247
428 0.0758667 -2.51494 -0.0407193
428 0.111636 -2.54369 -0.0243575
428 0.10824 -2.56278 -0.0246113
427 0.0990271 -2.54492 -0.0153559
427 -0.0203637 -2.50009 -0.0820706
427 0.150664 -2.56907 0.0032478
427 -0.0214833 -2.44155 -0.121241
426 0.10494 -2.40562 -0.0794522
425 0.11502 -2.41375 -0.06856
425 -0.000760498 -2.39931 -0.144327
425 0.0576842 -2.66467 -0.0462846
425 0.180444 -2.536 0.0266993
425 0.127757 -2.52237 -0.0126419
425 0.168984 -2.38985 -0.0572012
424 0.114117 -2.52137 -0.0204178
424 0.140746 -2.56008 0.0050003
424 0.177512 -2.39887 -0.0446098
424 0.0787406 -2.39445 -0.113577
423 0.133353 -2.53349 -0.0032567
471 -0.0247234 -2.38133 -0.166489
423 0.183929 -2.55122 0.0236489
422 0.187804 -2.51861 0.0278718
421 0.350453 -2.42093 0.0961663
421 0.0523246 -2.43592 -0.0929111
421 0.348899 -2.40225 0.0753899
421 0.36785 -2.37183 0.0898351
421 0.288143 -2.35319 0.00313859
421 0.180483 -2.32613 -0.117776
467 -0.0683945 -2.42406 -0.145427
421 0.212632 -2.36704 -0.0433519
467 -0.13086 -2.46838 -0.11377
421 0.258601 -2.36231 -0.0109042
420 0.465354 -2.24379 0.118266
420 0.412535 -2.26125 0.0587101
420 0.147241 -2.32572 -0.142125
420 0.287971 -2.38157 0.0233501
418 0.292885 -2.22051 -0.142624
416 0.443344 -2.09091 -0.268628
464 -0.0700522 -2.39345 -0.179796
416 0.519742 -2.1835 0.134248
416 0.614261 -1.99087 0.0465962
416 0.541386 -2.02887 -0.0777164
416 0.525746 -2.09191 0.010385
416 0.251992 -2.20209 -0.305692
416 0.249844 -2.21673 -0.240058
416 0.272216 -2.22818 -0.171291
415 0.347865 -2.14842 -0.270349
415 0.362715 -2.14921 -0.233013
415 0.367604 -2.14027 -0.273712
415 0.531552 -2.02222 -0.129807
415 0.636642 -1.92861 -0.0931078
415 0.391118 -2.11978 -0.269647
415 0.359885 -2.1426 -0.312229
415 0.707579 -1.94193 0.141949
415 0.5976 -2.13899 0.205455
415 0.419034 -2.1099 -0.25337
415 0.654881 -1.91604 -0.0684561
461 0.121334 -2.36407 -0.1185
415 0.530938 -2.0265 -0.281776
415 0.401397 -2.12556 -0.316501
415 0.627349 -1.98049 -0.0413298
415 0.617392 -1.95672 -0.0550053
415 0.341087 -2.15272 -0.316059
415 0.292142 -2.18201 -0.305409
415 0.36531 -2.14507 -0.283216
415 0.247847 -2.20555 -0.29584
415 0.276231 -2.20042 -0.245304
415 0.500985 -2.15849 0.0697663
415 0.390357 -2.20524 -0.0312964
415 0.440073 -2.09286 -0.282325
415 0.358926 -2.15435 -0.380392
415 0.409699 -2.12829 -0.373795
415 0.787155 -1.88507 0.236393
415 0.410469 -2.11293 -0.271223
415 0.579888 -2.02192 0.0034772
460 0.0616045 -2.54977 -0.0435357
414 0.587052 -1.98714 -0.0593045
414 0.27022 -2.1943 -0.269113
414 0.216991 -2.21497 -0.320532
414 0.318852 -2.16858 -0.278398
414 0.219148 -2.23491 -0.238972
414 0.791945 -1.88694 0.24404
414 0.709273 -1.92988 0.127004
414 0.394275 -2.11587 -0.303365
414 0.339801 -2.15995 -0.308243
459 -0.0374009 -2.41282 -0.154616
414 0.414734 -2.12499 -0.267195
414 0.424055 -2.10251 -0.246014
414 0.440613 -2.10252 -0.249858
414 0.576132 -2.12903 0.171722
414 0.281475 -2.1876 -0.304687
414 0.295515 -2.18459 -0.275724
414 0.230293 -2.21104 -0.32522
414 0.331697 -2.1623 -0.300701
414 0.572118 -2.00123 -0.111255
414 0.73752 -1.9553 0.225096
414 0.337372 -2.16118 -0.375527
414 0.336829 -2.16216 -0.363489
414 0.519156 -2.09474 0.00763587
414 0.345854 -2.16011 -0.238137
414 0.365081 -2.13859 -0.284423
414 0.425705 -2.162 -0.0464629
414 0.281551 -2.19354 -0.263989
414 0.391237 -2.14969 -0.150867
459 0.190763 -2.39793 -0.0557134
414 0.306933 -2.17852 -0.246914
459 0.0655957 -2.42919 -0.0941317
414 0.544325 -2.02286 -0.0735604
414 0.344767 -2.15383 -0.278319
414 0.310882 -2.17021 -0.26694
414 0.597157 -2.00357 0.00956337
414 0.319271 -2.16398 -0.343653
414 0.308803 -2.1749 -0.338295
414 0.295255 -2.1791 -0.353527
414 0.503714 -2.03463 -0.208974
459 0.118754 -2.36041 -0.145793
414 0.386979 -2.12433 -0.27656
413 0.229949 -2.23391 -0.222152
413 0.473742 -2.09776 -0.0769244
413 0.375272 -2.13646 -0.257643
413 0.416173 -2.19307 -0.0147844
413 0.362864 -2.14167 -0.248651
413 0.369826 -2.14497 -0.280078
413 0.379686 -2.13544 -0.253615
413 0.3138 -2.16901 -0.308678
413 0.552716 -2.00739 -0.135023
413 0.602235 -1.98169 -0.0599163
413 0.219202 -2.20323 -0.352496
458 -0.0193403 -2.50117 -0.0796224
413 0.287811 -2.18191 -0.316344
413 0.276161 -2.18829 -0.30785
413 0.625764 -1.98908 0.0568497
413 0.407965 -2.11821 -0.256663
413 0.674276 -1.99799 0.169325
413 0.352594 -2.1507 -0.261334
458 -0.0269009 -2.39261 -0.177911
413 0.473267 -2.22617 0.10673
413 0.400427 -2.12555 -0.209938
413 0.279126 -2.1933 -0.272084
413 0.336868 -2.27272 -0.022487
413 0.448664 -2.10713 -0.110632
413 0.366373 -2.14054 -0.263785
413 0.391081 -2.12557 -0.280249
413 0.39714 -2.12659 -0.211734
413 0.281928 -2.17601 -0.369513
413 0.272482 -2.18722 -0.368109
457 0.0967291 -2.32527 -0.256152
413 0.285907 -2.18197 -0.379155
457 0.0855766 -2.33923 -0.240238
413 0.340418 -2.15434 -0.308784
413 0.349259 -2.14787 -0.317407
413 0.299402 -2.17612 -0.333094
413 0.61957 -1.99159 0.0534515
413 0.747365 -1.94228 0.193597
413 0.719185 -1.95033 0.184998
413 0.289469 -2.1856 -0.278723
413 0.684816 -2.03055 0.244777
412 0.445401 -2.21508 0.0594057
412 0.380668 -2.1287 -0.252927
412 0.298503 -2.17715 -0.312656
457 0.0339604 -2.36035 -0.188005
412 0.3127 -2.16986 -0.307831
412 0.238607 -2.21057 -0.297438
412 0.277637 -2.20422 -0.230178
457 0.0157049 -2.36526 -0.190828
412 0.204682 -2.22034 -0.314064
412 0.421436 -2.17245 -0.0418257
412 0.361337 -2.14218 -0.278071
412 0.248128 -2.20364 -0.296471
412 0.38058 -2.16701 -0.130223
412 0.135234 -2.29446 -0.206197
455 -0.0256059 -2.49472 -0.0841113
412 0.247038 -2.21684 -0.24687
412 0.442113 -2.15871 -0.0255929
412 0.277043 -2.1912 -0.275014
412 0.253674 -2.19102 -0.319878
412 0.208049 -2.22335 -0.308224
411 0.454298 -2.18214 0.0486699
411 0.144964 -2.2707 -0.238264
411 0.406459 -2.26006 0.049499
411 0.192125 -2.23626 -0.292775
411 0.413527 -2.17434 -0.0339388
411 0.445103 -2.18685 -0.0115239
411 0.275784 -2.1955 -0.271214
411 0.541948 -2.14588 0.127595
411 0.548 -2.14465 0.140573
411 0.375509 -2.16597 -0.145474
411 0.48664 -2.09181 -0.0660264
411 0.254897 -2.19313 -0.314004
411 0.211249 -2.2165 -0.322133
411 0.296601 -2.1849 -0.26395
411 0.328738 -2.17026 -0.255778
410 0.464578 -2.27131 0.127684
410 0.343979 -2.16048 -0.248718
410 0.465939 -2.14293 0.0113211
410 0.445924 -2.16004 -0.0224748
410 0.611034 -2.08337 0.173438
410 0.534617 -2.13165 0.0927445
410 0.325437 -2.17562 -0.241068
410 0.305424 -2.18197 -0.249965
410 0.209062 -2.23021 -0.2852
410 0.309274 -2.22392 -0.126553
410 0.311407 -2.33351 0.0116919
410 0.564589 -2.15562 0.18768
410 0.417022 -2.19244 -0.0145296
410 0.599499 -2.17405 0.231954
410 0.318126 -2.22207 -0.125001
410 0.23361 -2.21032 -0.299801
410 0.262003 -2.19685 -0.304534
410 0.391266 -2.14757 -0.155089
410 0.32622 -2.16861 -0.243205
410 0.386571 -2.15992 -0.139809
410 0.369265 -2.22121 -0.0425236
410 0.266031 -2.21316 -0.225487
410 0.242637 -2.21558 -0.259979
410 0.462363 -2.24848 0.109471
453 0.117741 -2.41438 -0.0708613
410 0.365987 -2.24504 -0.016989
410 0.514545 -2.16131 0.103468
410 0.524642 -2.0937 0.00932338
410 0.495311 -2.09698 -0.0495504
409 0.389419 -2.20812 -0.0443919
409 0.324412 -2.20786 -0.136246
409 0.368924 -2.18292 -0.120922
409 0.396819 -2.19145 -0.0421512
409 0.445752 -2.16808 -0.00640413
409 0.346876 -2.24779 -0.0348019
409 0.360222 -2.17638 -0.143021
409 0.520016 -2.14183 0.0808989
409 0.475479 -2.09876 -0.077591
408 0.295866 -2.22638 -0.143346
408 0.310896 -2.22344 -0.126263
408 0.518385 -2.26463 0.19112
408 0.421578 -2.27614 0.080566
408 0.438023 -2.25779 0.0851051
450 0.114044 -2.35912 -0.132826
408 0.453456 -2.25819 0.109798
408 0.450897 -2.20857 0.0627602
408 0.189019 -2.23636 -0.286355
408 0.497821 -2.26992 0.165687
408 0.489285 -2.24437 0.139498
408 0.407009 -2.34765 0.119426
407 0.398001 -2.33314 0.101836
407 0.576476 -2.3391 0.2275
407 0.44306 -2.23238 0.0709888
449 0.100315 -2.35546 -0.156697
407 0.532622 -2.27811 0.197791
407 0.347115 -2.24122 -0.0497975
407 0.361188 -2.2603 -0.00812002
407 0.117615 -2.29265 -0.225687
407 0.101254 -2.29627 -0.228521
407 0.143865 -2.27778 -0.233887
407 0.503318 -2.24242 0.137152
407 0.522155 -2.3124 0.199941
406 0.469288 -2.32179 0.16601
406 0.494531 -2.31188 0.190676
406 0.412724 -2.19078 -0.0259976
406 0.427448 -2.21793 0.0312023
406 0.47501 -2.27254 0.141954
406 0.488803 -2.28256 0.192761
406 0.446694 -2.27089 0.108062
406 0.372833 -2.21947 -0.0415362
406 0.362999 -2.27281 -0.0169376
448 0.0451124 -2.38197 -0.142047
406 0.450806 -2.1557 -0.022027
406 0.358209 -2.25753 -0.00773298
448 0.0929197 -2.36542 -0.151166
406 0.408125 -2.25376 0.0557968
406 0.3572 -2.2412 -0.0202598
406 0.54016 -2.29324 0.22769
406 0.466164 -2.269 0.129601
406 0.391174 -2.2815 0.0964461
406 0.162015 -2.27533 -0.214175
405 0.358596 -2.34016 0.0668374
405 0.316041 -2.36435 0.0378477
405 0.119952 -2.30461 -0.198446
405 0.146356 -2.28652 -0.209606
405 0.139764 -2.28212 -0.224572
405 0.357033 -2.24431 -0.0315551
405 0.165994 -2.29613 -0.173162
405 0.460818 -2.25971 0.0837823
405 0.407782 -2.30165 0.0861905
405 0.397016 -2.2961 0.0689133
405 0.338485 -2.26789 -0.0241308
405 0.367295 -2.39656 0.102607
405 0.26479 -2.42593 0.0241727
405 0.344012 -2.41257 0.0831368
405 0.314081 -2.34315 0.0111094
405 0.304674 -2.33289 0.0132406
405 0.509741 -2.31819 0.206985
405 0.415491 -2.30805 0.0917925
404 0.358835 -2.24177 -0.0312067
404 0.267726 -2.27279 -0.0921366
404 0.129121 -2.30187 -0.197934
404 0.148014 -2.30197 -0.182511
404 0.304533 -2.29343 -0.0349217
404 0.366353 -2.29251 0.0339735
404 0.366815 -2.28736 0.0329539
404 0.377281 -2.2442 -0.004567
403 0.151448 -2.29796 -0.182429
403 0.096951 -2.35501 -0.143968
403 0.283938 -2.41093 0.0349519
403 0.158249 -2.32346 -0.139565
403 0.402278 -2.23605 0.0190401
403 0.337104 -2.36999 0.0450219
402 0.0794503 -2.39516 -0.112
402 0.178608 -2.39663 -0.0449447
402 0.069039 -2.38955 -0.123018
402 0.272295 -2.35115 -0.0126323
402 0.343486 -2.47396 0.0911204
402 0.365279 -2.29187 0.00340313
402 0.266932 -2.35178 -0.0136896
402 0.275647 -2.36134 0.00225841
402 0.23362 -2.35325 -0.0413562
402 0.207516 -2.33515 -0.0779953
401 0.172852 -2.38992 -0.056775
401 0.232843 -2.41481 0.00721292
401 0.126593 -2.42271 -0.060717
401 0.228742 -2.33223 -0.030296
401 0.0228833 -2.3794 -0.151853
401 0.231135 -2.3634 -0.0396427
401 0.100867 -2.3592 -0.140507
400 0.0948324 -2.57582 -0.0292938
400 -0.115882 -2.44356 -0.111518
400 0.267531 -2.39042 0.0127744
400 0.186328 -2.41247 -0.0308936
400 0.372302 -2.42476 0.093424
400 0.318742 -2.41417 0.0453334
399 -0.0183034 -2.4727 -0.0928185
399 0.132717 -2.36946 -0.106141
399 0.0634446 -2.59929 -0.034773
399 0.176506 -2.513 0.0269883
399 0.169787 -2.52307 0.0170418
398 0.148211 -2.49474 -0.0116228
398 0.165339 -2.3812 -0.0690493
398 0.088671 -2.3981 -0.103224
396 0.110576 -2.40875 -0.0806327
395 0.149377 -2.5161 0.0197267
395 0.176423 -2.53715 0.0232491
395 0.0424303 -2.46075 -0.082787
395 0.091689 -2.49361 -0.043575
395 0.000360084 -2.44617 -0.107886
394 0.248575 -2.42241 0.0245516
392 0.235575 -2.44778 0.0282031
410 0.476313 -2.09524 -0.0852615
278 0.147401 -2.21153 -0.750126
7 -0.428526 -2.26083 -0.71282
425 0.117355 -2.58543 -0.0102694
382 0.207649 -2.45537 0.0119892
410 0.248657 -2.21416 -0.260114
278 0.285909 -2.30146 -0.696154
218 -0.441936 -2.09924 -0.731251
218 -0.36774 -2.23052 -0.732396
277 -0.204715 -2.61279 -0.30476
147 -0.248788 -2.67517 -0.956081
146 -0.104256 -3.29432 -1.15468
7 -0.349109 -2.47421 -0.997243
217 -0.446486 -2.12911 -0.845927
428 0.0236991 -2.5153 -0.0675529
217 -0.435537 -2.13511 -0.845065
428 0.0880583 -2.57186 -0.0285879
217 -0.379208 -2.27378 -0.885821
216 -0.366738 -2.30214 -0.870065
411 0.246034 -2.22727 -0.218065
140 -0.241545 -2.83566 -1.12765
216 -0.431144 -2.15448 -0.843186
216 -0.42 -2.16092 -0.906894
428 0.00270003 -2.49593 -0.0833526
215 -0.457527 -2.10071 -0.884431
85 -0.249975 -2.67081 -0.969937
344 0.0881532 -2.39113 -0.112416
215 -0.40899 -2.19201 -0.810844
276 0.0996903 -2.49387 -0.5786
276 0.00699458 -2.46348 -0.558746
215 -0.42243 -2.15714 -0.961729
276 0.18498 -2.46532 -0.653185
215 -0.403381 -2.21116 -0.913964
5 -0.40636 -2.18703 -1.00876
275 0.00265101 -2.39365 -0.655553
428 0.0981355 -2.53491 -0.0347398
214 -0.400981 -2.21339 -0.925696
5 -0.372664 -2.42108 -1.05915
212 -0.404208 -2.21553 -0.882539
212 -0.419142 -2.17424 -0.920946
274 -0.119436 -2.54849 -0.503859
208 -0.115065 -2.55171 -1.22403
266 -0.155119 -2.99054 -1.09003
207 -0.186652 -2.78085 -1.10879
4 -0.430694 -2.21797 -0.828059
207 -0.406057 -2.2004 -0.925226
411 0.187832 -2.23738 -0.286307
30 -0.438589 -2.22262 -0.809092
402 0.423834 -2.37743 0.127627
337 0.14727 -2.43334 -0.0394271
206 -0.413885 -2.17761 -0.945349
206 -0.399957 -2.22434 -0.88877
206 -0.384759 -2.25909 -0.906383
430 0.0661551 -2.52445 -0.0404321
1 -0.328765 -1.91951 -0.881151
407 0.488683 -2.13631 0.0233094
126 0.0577414 -3.16394 -1.40535
206 -0.403672 -2.18928 -0.986823
125 0.101834 -2.9779 -1.2582
206 -0.396045 -2.20608 -0.982235
125 0.200777 -3.35338 -1.45466
1 -0.351484 -2.30667 -1.04055
425 0.147003 -2.54525 0.0157119
305 -0.238741 -2.64799 -0.347807
205 -0.129134 -2.51167 -1.21078
205 -0.392574 -2.21932 -0.96227
1 -0.297717 -2.54073 -0.838494
205 -0.139112 -2.52796 -1.20381
205 -0.263547 -2.20929 -1.11799
1 -0.163654 -3.01468 -1.0783
205 -0.411847 -2.20752 -0.899617
427 0.0850732 -2.5329 -0.0296042
80 -0.403741 -2.24935 -0.785453
205 -0.409217 -2.20227 -0.911092
471 0.212606 -2.37408 -0.0552187
302 0.00958118 -2.45087 -0.0855356
205 -0.0882266 -2.48073 -1.24763
205 -0.422962 -2.1608 -0.926335
1 -0.489692 -2.24287 -0.581451
205 -0.39646 -2.15553 -0.929261
205 -0.396618 -2.21691 -0.93665
205 -0.399886 -2.20293 -0.916883
205 -0.404246 -2.21143 -0.938374
121 -0.106121 -3.63187 -1.06704
302 0.535486 -2.18945 -0.67435
204 -0.193345 -2.46457 -1.14273
204 -0.145068 -2.5632 -1.19599
331 0.416226 -2.36675 -0.629401
120 -0.0264659 -2.89201 -1.27634
204 -0.191788 -2.47512 -1.14612
258 -0.123323 -2.73511 -1.21565
204 -0.0848669 -2.56687 -1.26975
204 -0.132229 -2.5068 -1.21352
203 -0.0744769 -2.78677 -1.27024
203 -0.378574 -2.27684 -0.869648
251 -0.0171364 -2.78148 -1.40859
423 -0.0713572 -2.41588 -0.145132
203 -0.386658 -2.25647 -0.88577
203 -0.146712 -2.55725 -1.19235
471 0.291325 -2.40723 0.0321423
202 -0.332138 -2.38817 -0.883422
471 0.223501 -2.42809 -0.000123299
202 -0.326685 -2.41142 -0.890995
250 -0.478352 -1.90926 -0.665185
471 0.0425177 -2.3818 -0.142692
202 -0.0973812 -2.74565 -1.24671
250 -0.303988 -2.1946 -0.944917
471 0.0642066 -2.43227 -0.0921742
199 -0.336614 -2.45324 -0.825575
196 -0.263674 -2.63756 -0.898027
296 0.0645858 -2.48621 -0.540998
196 -0.0935898 -3.94667 -1.18002
296 0.527632 -2.12836 -0.638425
215 -0.416118 -2.182 -0.824833
195 -0.159213 -3.15024 -0.921365
109 -0.163889 -2.95484 -1.07887
195 -0.262238 -2.53095 -0.730843
195 -0.143472 -3.29616 -0.995375
195 -0.269221 -2.48075 -0.745291
194 -0.290499 -2.56604 -0.879523
440 0.450176 -2.28671 0.137234
239 -0.447752 -2.11994 -0.832934
194 -0.30319 -2.4519 -0.77558
414 0.41041 -2.10085 -0.271636
366 0.0610438 -2.48264 -0.0628452
194 -0.266541 -2.59267 -0.793483
194 -0.268623 -2.60006 -0.799592
194 -0.273881 -2.51837 -0.745933
194 -0.16652 -3.01997 -1.05212
194 -0.289382 -2.48169 -0.757982
414 0.683967 -1.89287 -0.0584128
365 0.159161 -2.56801 -0.00743735
5 -0.29523 -2.80089 -0.605419
194 -0.215092 -2.86347 -0.914373
193 -0.26239 -2.6247 -0.9437
193 -0.161062 -3.18413 -0.979604
420 0.324247 -2.21945 -0.126528
193 -0.310354 -2.4429 -0.774407
237 -0.425687 -2.15581 -0.796315
412 0.368829 -2.15591 -0.150524
32 -0.309012 -2.52986 -0.87079
291 0.000471422 -2.46233 -0.548791
192 -0.271625 -2.59098 -0.813463
237 -0.331497 -2.37262 -0.805486
415 0.46021 -2.09192 -0.256606
290 0.136234 -2.40681 -0.5467
415 0.248641 -2.21566 -0.256837
290 0.383157 -2.33481 -0.725055
192 -0.145902 -3.19048 -1.17232
416 0.391741 -2.12471 -0.238287
190 -0.286102 -2.5526 -0.869487
104 -0.252722 -2.69195 -0.931333
361 0.0566679 -2.38354 -0.143665
190 -0.326204 -2.561 -0.936548
318 -0.0647421 -2.44781 -0.318953
4 -0.338152 -2.46057 -0.80912
196 -0.285878 -2.49396 -0.762794
377 0.0330379 -2.47724 -0.0789644
190 -0.299488 -2.49294 -0.919111
206 -0.404492 -2.18722 -0.981356
190 -0.29364 -2.54438 -0.876165
233 -0.234617 -2.53235 -0.666915
206 -0.413008 -2.17925 -0.94244
190 -0.275252 -2.54352 -0.868515
388 0.0958891 -2.49944 -0.0392745
190 -0.313425 -2.50049 -0.89448
190 -0.342216 -2.48288 -0.829819
412 0.219337 -2.2155 -0.318786
360 -0.027265 -2.47985 -0.101359
206 -0.39782 -2.2222 -0.935947
416 0.343983 -2.25218 -0.0353716
190 -0.168937 -2.93009 -1.05762
189 -0.251985 -2.71762 -0.921191
429 0.0954112 -2.55478 -0.0206611
388 0.0434265 -2.47905 -0.0739149
189 -0.10637 -3.11306 -1.19701
287 0.412482 -2.23547 -0.607557
189 -0.266126 -2.64806 -0.928243
230 -0.334825 -2.31907 -0.763651
205 -0.391201 -2.24677 -0.909196
1 -0.159011 -3.26079 -1.00046
189 -0.287368 -2.45518 -0.894392
359 0.0188687 -2.45958 -0.0901431
189 -0.279674 -2.61045 -0.864717
229 -0.148017 -3.03621 -1.12294
358 0.279534 -2.39329 -0.019278
205 -0.246292 -2.27652 -1.12732
471 0.168913 -2.43673 0.00997874
302 -0.030468 -2.60072 -0.53485
286 -0.221957 -2.61336 -0.317621
205 -0.33668 -2.16208 -1.05276
471 0.0673931 -2.39062 -0.133766
302 -0.10519 -2.51846 -0.474724
415 0.609406 -1.96142 -0.0848556
188 -0.296061 -2.52046 -0.932611
356 0.0921086 -2.7151 -0.0124492
386 -0.0880396 -2.45447 -0.120894
227 -0.230469 -2.55999 -0.677668
187 -0.291189 -2.52301 -0.920146
187 -0.1307 -3.1317 -1.12703
187 -0.288747 -2.5644 -0.948682
415 0.356915 -2.12162 -0.345757
184 -0.0347947 -3.44016 -1.44369
204 -0.107669 -2.74109 -1.23122
181 -0.244442 -2.28535 -0.858651
100 -0.30344 -2.45526 -0.89748
180 -0.12207 -3.12282 -1.14993
100 -0.334128 -2.45886 -0.970949
170 -0.142292 -3.01934 -1.11255
385 -0.0488059 -2.43207 -0.131716
414 0.333189 -2.15813 -0.350399
168 -0.168481 -2.88384 -1.02896
385 0.0493812 -2.43603 -0.09317
163 -0.0573926 -3.27058 -1.26974
281 0.220249 -2.30978 -0.728743
471 0.152964 -2.54674 -0.00264806
202 -0.297025 -2.49038 -0.914518
440 0.385722 -2.19796 -0.0314225
327 0.33302 -2.26331 -0.077962
414 0.597988 -1.98775 -0.0996263
163 0.201053 -4.82057 -2.33578
384 0.134494 -2.37447 -0.0940546
414 0.315559 -2.1651 -0.350429
160 -0.106016 -3.12964 -1.18874
413 0.399752 -2.12648 -0.213485
157 -0.151149 -2.95594 -1.05285
310 0.140954 -2.33944 -0.772233
154 -0.118952 -3.13419 -1.15943
152 -0.122145 -3.17584 -1.14911
410 0.469845 -2.10185 -0.0644748
280 0.0407746 -2.40975 -0.730107
218 -0.421129 -2.16368 -0.797818
6 -0.123642 -3.04103 -1.15718
307 0.0434409 -2.41669 -0.606616
413 0.309153 -2.17465 -0.309765
150 -0.137876 -2.94038 -1.18521
218 -0.37544 -2.2862 -0.862895
150 -0.131493 -2.93011 -1.223
278 -0.0513881 -2.50254 -0.5962
6 -0.243695 -2.64289 -1.04164
277 0.171687 -2.32408 -0.683987
150 -0.252951 -2.68783 -0.983536
218 -0.425533 -2.11018 -0.713936
422 0.269398 -2.39851 0.0365842
196 -0.0307788 -5.98738 -1.63953
21 -0.395465 -2.39459 -0.663043
325 0.220797 -2.40546 0.0154475
414 0.453617 -2.10742 -0.0754947
367 0.00158262 -2.44847 -0.106265
4 -0.451411 -2.39246 -0.662005
218 -0.45559 -2.05849 -0.697933
277 0.00913151 -2.44141 -0.655324
344 0.177881 -2.40434 -0.0727285
215 -0.443257 -2.12458 -0.829732
105 -0.0916796 -3.04475 -1.23929
136 -0.0845795 -2.89722 -1.29604
380 0.151544 -2.50354 -0.00219368
5 -0.263118 -2.58127 -0.582814
275 0.0416717 -2.46632 -0.602824
207 -0.402708 -2.21767 -0.898741
132 -0.0476327 -4.12922 -1.0937
274 -0.0182665 -2.5094 -0.64746
190 -0.1621 -3.04819 -1.11879
360 -0.00525841 -2.46707 -0.0950737
408 0.444334 -2.2949 0.121609
130 -0.149095 -3.09885 -1.1005
130 0.00970861 -4.13436 -1.19214
123 -0.0577137 -2.67596 -1.23889
126 0.184832 -3.36432 -1.41522
1 -0.333276 -4.26601 -1.9966
123 -0.158475 -3.01209 -1.10603
205 -0.110349 -2.56909 -1.22828
1 -0.249947 -2.67929 -0.967905
80 -0.369361 -2.35022 -0.853659
124 -0.26231 -2.63435 -0.954711
80 -0.440366 -2.22244 -0.836653
204 -0.380788 -2.27008 -0.884592
1 -0.365151 -2.25031 -0.857954
406 0.270954 -2.26947 -0.0865906
123 0.0546803 -2.91773 -1.2311
429 0.0641141 -2.5338 -0.0432339
1 -0.46782 -2.18702 -0.96798
415 0.35094 -2.14629 -0.306189
181 -0.24444 -2.28535 -0.85865
12 -0.361305 -2.20003 -0.874788
204 -0.198198 -2.45341 -1.14215
179 -0.244449 -2.28536 -0.858643
123 -0.18489 -2.77816 -1.10533
36 -0.402434 -2.20916 -0.764301
179 -0.244441 -2.28534 -0.858649
413 0.323493 -2.16364 -0.313932
150 -0.0892254 -3.01837 -1.25082
284 0.27442 -2.36203 -0.704849
118 -0.272691 -2.52716 -0.881752
123 -0.0787578 -3.18048 -1.21218
205 -0.141579 -2.51618 -1.19674
204 -0.1256 -2.50946 -1.21275
302 -0.174075 -2.48265 -0.125569
172 -0.108505 -3.11402 -1.19098
405 0.423154 -2.27779 0.0844782
118 -0.251541 -2.65824 -0.941707
79 -0.123441 -3.05836 -1.1506
117 -0.11994 -3.1664 -1.14046
116 -0.270109 -2.59575 -0.962864
34 -0.321401 -2.39685 -0.762412
112 -0.118255 -2.78672 -1.21676
245 -0.493257 -2.02546 -0.862402
106 -0.155863 -3.02026 -1.09469
105 -0.258391 -2.63924 -0.958098
12 -0.282038 -2.84717 -0.607156
104 -0.0708117 -2.88751 -1.29523
206 -0.417591 -2.18752 -0.904145
129 -0.00595231 -4.44826 -1.17393
337 0.204891 -2.48317 -0.0168137
104 -0.278666 -2.56195 -0.946859
235 -0.364487 -2.30817 -0.872524
28 -0.397712 -2.32262 -0.84544
1 -0.161209 -3.0908 -0.925301
104 -0.135551 -2.73186 -1.18417
205 -0.393255 -2.23068 -0.911213
104 -0.227495 -2.52128 -1.09585
235 -0.363849 -2.31198 -0.854156
440 0.457857 -2.38539 0.142512
103 -0.274662 -2.56025 -0.785457
412 0.391876 -2.12674 -0.232969
360 -0.225687 -2.46535 -0.234338
398 0.145696 -2.43562 -0.0390483
103 -0.281671 -2.59788 -0.881136
103 -0.296594 -2.41411 -0.890642
103 -0.337259 -2.48761 -0.95255
195 -0.247147 -2.68281 -0.913517
63 -0.491961 -2.58252 -0.786061
102 -0.284593 -2.56186 -0.896117
124 0.120642 -3.10468 -1.32859
471 0.269005 -2.42962 0.0316885
202 -0.301264 -2.48864 -0.911336
415 0.440631 -2.09552 -0.0930128
187 -0.289731 -2.58153 -0.94086
226 -0.130718 -3.07751 -1.04552
101 -0.152463 -3.07794 -1.093
101 -0.244665 -2.63561 -1.03461
411 0.334534 -2.16318 -0.258336
357 0.198109 -2.78761 -0.0241593
100 -0.319967 -2.33885 -0.867628
313 -0.0302921 -2.4804 -0.542361
428 0.106697 -2.55039 -0.020417
101 -0.301477 -2.51037 -0.911606
101 -0.26218 -2.53489 -0.725614
227 -0.0363496 -3.42823 -1.10521
101 -0.282924 -2.53447 -0.918963
100 -0.296857 -2.44696 -0.810789
303 -0.0120333 -2.36683 -0.313333
203 -0.374641 -2.28467 -0.877115
251 -0.478475 -1.90557 -0.664447
396 0.0796118 -2.51701 -0.0410615
100 -0.292685 -2.49896 -0.927305
225 -0.255539 -2.53064 -0.721724
168 0.084253 -4.41581 -2.02358
282 0.111485 -2.46668 -0.484142
100 -0.00434465 -4.30786 -1.1495
179 -0.244449 -2.28538 -0.858645
167 -0.173915 -2.69954 -1.07661
352 0.0685954 -2.56872 -0.0235384
100 -0.32841 -2.35958 -0.777448
12 -0.172008 -3.21627 -0.967209
100 -0.374668 -2.34255 -0.847571
118 -0.256593 -2.6533 -0.965734
258 -0.195479 -2.56659 -1.13071
471 -0.0453996 -2.46498 -0.110092
201 -0.215939 -2.55468 -1.11194
229 0.0314188 -3.79524 -1.44557
94 -0.157477 -3.02041 -1.10296
311 0.166422 -2.431 -0.584239
395 0.158829 -2.55219 -0.0064235
7 -0.1655 -3.25252 -1.01296
92 -0.261287 -2.62978 -0.953195
280 0.0224819 -2.4826 -0.580198
277 -0.223808 -2.49648 -0.205474
405 0.421361 -2.18955 -0.0148704
346 0.120315 -2.36577 -0.117923
92 -0.134285 -3.08225 -1.13051
91 -0.332061 -2.55613 -0.955177
216 -0.403765 -2.22302 -0.90895
226 0.0649636 -3.77042 -1.38548
91 -0.152386 -3.01477 -1.10297
432 0.0721851 -2.54012 -0.0387512
90 -0.307677 -2.42379 -0.849165
415 0.434751 -2.09651 -0.278304
37 -0.376404 -2.2891 -0.831146
195 -0.171707 -3.26376 -0.946733
401 0.278225 -2.36778 0.005437
14 -0.109376 -3.68573 -1.04087
108 -0.249566 -2.68065 -0.959884
278 0.210178 -2.34107 -0.656385
277 0.183915 -2.40252 -0.593932
205 -0.0899945 -2.46398 -1.24729
82 -0.211774 -3.01647 -0.922844
125 -0.180088 -2.75446 -1.177
216 -0.43426 -2.14596 -0.849946
82 -0.343367 -2.51676 -0.980112
174 -0.0672742 -3.27292 -1.33718
101 -0.374589 -2.40708 -0.859844
203 -0.400025 -2.22008 -0.904166
80 -0.355505 -2.48962 -0.943551
218 -0.386227 -2.24861 -0.844964
1 -0.425111 -2.25423 -0.832962
261 -0.0886753 -2.73182 -1.27684
79 -0.381216 -2.30332 -0.853984
204 -0.139051 -2.63368 -1.20004
207 -0.397377 -2.21907 -0.943529
79 -0.0567014 -2.77107 -1.21671
372 -0.0814351 -2.45521 -0.118131
216 -0.398853 -2.19955 -0.936469
196 -0.277546 -2.58824 -0.859622
296 -0.103509 -2.55525 -0.500689
91 -0.12749 -3.08964 -1.13528
219 -0.356377 -2.25419 -0.730936
78 -0.133495 -2.70457 -1.19806
205 -0.324282 -2.17301 -1.07341
78 -0.113304 -2.72183 -1.19136
195 -0.165002 -3.13208 -0.970126
78 -0.246584 -2.62832 -1.0247
113 0.0373397 -3.07908 -1.38786
308 0.225608 -2.31731 -0.719933
375 0.159749 -2.51048 -0.00119276
194 -0.265624 -2.51415 -0.736593
204 -0.411441 -2.19593 -0.906293
77 -0.37159 -2.36452 -0.982745
76 -0.139395 -3.46356 -1.30251
367 -0.156 -2.4831 -0.10747
74 -0.282228 -2.44016 -0.888144
206 -0.392598 -2.21781 -0.956336
66 -0.513096 -2.63518 -0.811778
471 0.0824718 -2.43284 -0.0756983
379 0.152279 -2.37538 -0.0818421
204 -0.0976736 -2.54829 -1.24614
120 -0.0313594 -2.91568 -1.30305
471 0.0808379 -2.49701 -0.0519734
302 0.0306368 -2.53504 -0.0794799
101 -0.192364 -2.58462 -1.1363
53 -0.381932 -2.30614 -0.786674
471 -0.0559616 -2.42017 -0.132768
301 0.0243375 -2.37464 -0.711931
101 -0.30101 -2.4923 -0.904038
387 0.0680801 -2.48308 -0.0629688
217 -0.402133 -2.21414 -0.904806
388 0.0286571 -2.45962 -0.0907521
467 -0.137806 -2.47576 -0.110255
421 0.26152 -2.2596 -0.0972297
53 -0.374316 -2.42347 -0.678628
203 -0.104971 -2.57382 -1.23735
53 -2.55731 -9.09426 -1.63812
6 -0.369817 -2.34872 -1.08216
229 -0.247431 -2.47752 -0.657016
414 0.309711 -2.17415 -0.274117
286 -0.332815 -2.67624 -0.325182
49 -0.485363 -2.55095 -0.850426
387 0.184841 -2.40849 -0.032682
39 -0.25574 -2.61515 -0.717206
189 -0.306526 -2.52055 -0.928701
38 -0.395809 -2.30992 -0.828801
402 0.417151 -2.40399 0.124243
110 -0.0621354 -3.30669 -1.26149
37 -0.269485 -2.61556 -0.76108
37 -0.413504 -2.56245 -0.7075
194 -0.285284 -2.50464 -0.761009
346 0.190564 -2.52478 0.0111016
211 -0.407052 -2.20656 -0.892024
36 -0.38675 -2.35587 -0.696329
193 -0.313396 -2.44254 -0.791179
7 -0.424206 -2.2202 -0.845134
406 0.454499 -2.16 -0.00500137
348 0.0377411 -2.65359 -0.00660434
4 -0.42289 -2.3858 -0.706032
408 0.109488 -2.35797 -0.13215
277 0.0524694 -2.37288 -0.71023
130 -0.213385 -2.92752 -0.919371
190 -0.30568 -2.51973 -0.908746
34 -0.258396 -2.57438 -0.718397
404 0.465894 -2.30338 0.150859
342 -0.231973 -2.55237 -0.214126
413 0.29686 -2.1848 -0.263748
34 -0.398512 -2.2578 -0.800586
415 0.401331 -2.1261 -0.316646
188 -0.283542 -2.61431 -0.869855
13 -0.306697 -2.4823 -0.899678
228 -0.320135 -2.38924 -0.769277
21 -0.400766 -2.27832 -0.798734
242 -0.478889 -2.05615 -0.872339
21 -0.188993 -2.8517 -1.12063
465 0.138814 -2.3647 -0.12031
297 0.218925 -2.3186 -0.64424
21 -0.317582 -2.79355 -0.495011
342 0.317224 -2.41427 0.051321
21 -0.336612 -2.45071 -0.820415
325 0.122735 -2.58473 -0.00767108
21 -0.250697 -2.71074 -0.919376
296 -0.00316104 -2.46502 -0.65271
83 -0.106819 -3.55614 -1.08331
340 0.273457 -2.37699 -0.0298432
18 -0.24783 -2.62538 -1.02002
13 -0.26843 -2.57808 -0.970747
41 -0.382886 -2.24494 -0.80492
12 -0.307171 -2.71701 -0.926959
6 -0.382579 -2.45249 -0.821457
457 0.135436 -2.30501 -0.195628
413 0.649165 -2.01873 0.154389
150 -0.0785542 -3.31172 -1.366
218 -0.36061 -2.31523 -0.857168
205 -0.255981 -2.26264 -1.11169
11 -0.33043 -2.70074 -0.449344
11 -0.284967 -2.52142 -0.907676
412 0.389393 -2.1521 -0.148345
146 -0.24868 -2.67513 -0.96447
282 0.0848769 -2.45175 -0.557755
209 -0.395843 -2.20384 -0.978301
412 0.306935 -2.29276 -0.0345915
281 -0.0154379 -2.34598 -0.488763
238 -0.399692 -2.22924 -0.892965
9 -0.303343 -2.55113 -0.8675
220 -0.281107 -2.49799 -0.753154
9 -0.412132 -2.3076 -0.8011
203 -0.394233 -2.23043 -0.915763
211 -0.416219 -2.18527 -0.89835
8 -0.225109 -2.95597 -0.927738
219 -0.417301 -2.08904 -0.674788
169 -0.141352 -3.00904 -1.12509
4 -0.172434 -3.33232 -0.73854
424 0.0326098 -2.37705 -0.142196
203 -0.362909 -2.31053 -0.86321
405 0.118216 -2.30798 -0.212202
346 -0.0967938 -2.41282 -0.163106
119 -0.248357 -2.69802 -0.942981
203 -0.358339 -2.3218 -0.848405
100 -0.291585 -2.44004 -0.810508
392 0.205551 -2.46601 0.0171222
225 -0.303605 -2.31156 -0.66166
428 0.11988 -2.53648 -0.0296152
386 -0.0836982 -2.47481 -0.105552
4 -0.283086 -2.42314 -0.317559
303 -0.0134978 -2.46591 -0.0922097
203 -0.39082 -2.23823 -0.902369
251 0.116115 -2.77135 -1.6108
215 -0.410923 -2.19131 -0.922117
387 0.0699009 -2.44738 -0.0763552
7 -0.537158 -2.05679 -0.642213
303 0.163507 -2.39061 -0.0670113
202 -0.306518 -2.47559 -0.885429
4 -0.269246 -2.72459 -0.75806
100 -0.435493 -2.42344 -0.984511
4 -0.412324 -2.19955 -0.761951
118 -0.249287 -2.66817 -0.970874
4 -0.341005 -2.38543 -0.917173
7 -0.372097 -2.31813 -0.817723
99 -0.0923063 -3.0283 -1.16147
4 -0.338221 -2.12289 -0.747903
220 -0.37706 -2.26372 -0.843543
4 -0.283394 -2.6416 -0.845501
220 -0.426381 -2.08916 -0.713474
4 -0.472636 -2.27825 -0.61883
405 0.403899 -2.28883 0.123193
117 -0.24991 -2.70399 -0.916898
4 -0.48262 -2.11059 -0.798698
303 0.0258276 -2.23788 -0.298035
4 -0.364022 -2.40389 -0.794928
7 -0.364619 -2.34095 -0.844891
218 -0.439696 -2.10968 -0.741539
277 0.132758 -2.41437 -0.618472
425 0.0352671 -2.49431 -0.0674103
205 -0.119558 -2.55571 -1.22087
77 -0.218133 -2.90006 -0.907283
116 -0.258477 -2.65703 -0.937923
2 -0.267416 -2.73058 -0.960899
264 -0.267793 -2.63174 -0.997332
1 -0.202116 -2.41186 -1.11368
157 -0.245053 -2.79675 -1.11998
79 -0.126853 -2.72078 -1.19321
384 -0.00367257 -2.46114 -0.0988833
157 -0.0287726 -3.72588 -1.38052
220 -0.297433 -2.49464 -0.932426
151 -0.118226 -3.12731 -1.2267
7 -0.450205 -2.25438 -0.830961
218 -0.400164 -2.202 -0.795409
277 0.0502042 -2.37619 -0.665882
79 -0.439095 -2.3625 -0.90554
196 -0.0707285 -4.01306 -1.18151
300 0.0226503 -2.5558 -0.711294
464 0.00947043 -2.51825 -0.0644456
40 -0.379874 -2.53236 -0.769048
218 -0.410123 -2.17907 -0.781983
471 0.139947 -2.49521 0.0213619
199 -0.32845 -2.38627 -0.81141
1 -0.374789 -2.42366 -0.633424
304 0.166293 -2.38865 -0.0936974
193 -0.292253 -2.46795 -0.755765
8 -0.317187 -2.81097 -0.541258
12 -0.281963 -2.68905 -0.829786
415 0.347412 -2.1535 -0.399053
187 -0.253446 -2.68196 -0.931657
1 -0.122058 -2.0376 -1.01132
218 -0.434513 -2.10352 -0.71683
1 -0.118385 -2.17936 -1.08854
429 -0.0409701 -2.44705 -0.113226
218 -0.377029 -2.28338 -0.874332
1 -0.127042 -2.82387 -1.28234
100 -0.303564 -2.43013 -0.885182
386 0.143486 -2.37274 -0.0941294
218 -0.446014 -2.07414 -0.702759
150 -0.126137 -2.97101 -1.24027
228 -0.135943 -3.00959 -0.860633
93 -0.310724 -2.59567 -0.89839
220 -0.420999 -2.07777 -0.693197
411 0.189781 -2.23299 -0.296056
280 -0.0837395 -2.53112 -0.47093
203 -0.134671 -2.55271 -1.20615
120 -0.281142 -2.57358 -0.949351
4 -0.415578 -2.32208 -0.442955
413 0.394326 -2.12113 -0.253593
150 -0.141209 -2.94913 -1.16608
123 -0.0483 -2.76274 -1.17256
4 -0.281363 -2.40285 -0.317224
1 -0.389971 -2.15967 -0.97337
7 -0.403464 -2.26367 -0.786173
22 -0.405603 -2.16058 -0.800073
406 0.433354 -2.25329 0.0766533
123 0.0478835 -3.07833 -1.36001
1 -0.134008 -2.74406 -1.22039
218 -0.423038 -2.12037 -0.720885
278 0.101451 -2.43567 -0.562621
94 -0.300735 -2.62415 -0.9542
1 -0.146072 -3.40061 -1.00913
421 0.339821 -2.50601 0.0894301
376 0.0312415 -2.47802 -0.0750576
404 0.112522 -2.3046 -0.205807
115 -0.108005 -2.83388 -1.24545
190 -0.10855 -3.11409 -1.18203
1 -0.321963 -2.47285 -0.915526
1 -0.317239 -2.54133 -0.925068
153 -0.127071 -3.00249 -1.22305
115 -0.100243 -2.93562 -1.22982
1 -0.290239 -2.58744 -0.951082
206 -0.143399 -2.56652 -1.19872
6 -0.368623 -2.32663 -1.00414
1 -0.283221 -2.6978 -0.791487
404 0.386529 -2.21431 -0.0281651
115 -0.0895815 -3.0506 -1.25729
413 0.415647 -2.2622 0.0619959
154 -0.15824 -2.96219 -1.08611
79 -0.212244 -2.54569 -1.1187
404 0.432034 -2.22386 0.0424069
115 -0.28462 -2.53911 -0.890882
1 -0.277621 -2.75277 -0.776726
464 0.143303 -2.43095 -0.0478657
190 -0.305696 -2.47414 -0.898227
155 -0.24808 -2.69406 -0.965097
84 -0.351401 -2.27706 -0.739296
220 -0.441486 -2.09189 -0.721569
408 0.464359 -2.24851 0.110274
350 0.0794875 -2.53916 -0.0321011
1 -0.275766 -2.7233 -0.600867
101 -0.324907 -2.323 -0.875063
139 -0.253846 -2.56516 -0.906943
30 -0.367473 -2.38013 -0.823945
377 -0.00084793 -2.59086 -0.0651917
4 -0.129195 -3.50537 -1.03105
273 -0.244261 -2.60974 -0.301731
204 -0.412923 -2.20156 -0.909282
303 -0.144805 -2.47521 -0.260364
204 -0.403861 -2.20658 -0.910344
204 -0.11267 -2.54841 -1.23433
258 -0.214766 -2.55444 -1.12595
289 -0.0146726 -2.40483 -0.7484
178 -0.244436 -2.28536 -0.858668
305 0.176831 -2.40241 -0.0439221
204 -0.0878158 -2.58775 -1.26627
4 -0.3843 -2.29575 -0.781939
301 0.0249143 -2.1813 -0.284716
415 0.677612 -1.9933 0.167945
180 -0.244438 -2.28535 -0.858655
180 -0.160712 -2.88725 -1.05405
80 -0.139145 -3.42103 -1.0202
386 -0.0637395 -2.46458 -0.112562
415 0.429261 -2.10344 -0.246491
183 -0.166596 -2.83611 -1.03641
101 -0.21551 -2.90783 -0.919212
135 -0.123984 -3.06179 -1.14458
355 -0.0937197 -2.47423 -0.102865
425 0.13402 -2.4088 -0.000569242
305 -0.175416 -2.56092 -0.410838
4 -0.394551 -2.31775 -0.416773
101 -0.26804 -2.59263 -0.960427
4 -0.548137 -2.18859 -0.665032
406 0.373236 -2.24274 -0.012934
274 -0.0848615 -2.45677 -0.508237
101 -0.111555 -3.09185 -1.18412
224 -0.307359 -2.47238 -0.817531
4 -0.553337 -2.21757 -0.608487
340 -0.0157911 -2.48625 -0.0883936
5 -0.40452 -2.22886 -0.981803
5 -0.440202 -2.08245 -0.8888
226 0.219722 -4.44594 -1.69865
204 -0.332189 -2.38689 -0.883146
225 -0.324852 -2.38701 -0.806644
5 -0.27315 -2.56812 -0.77248
204 -0.3641 -2.30427 -0.850544
302 0.0452512 -2.56548 -0.606454
5 -0.512854 -2.35603 -0.650127
102 -0.146726 -2.64095 -1.19118
5 -0.532749 -2.12047 -0.642847
102 -0.140082 -3.0225 -1.04827
6 -0.368267 -2.2931 -0.891293
230 0.136279 -4.0414 -1.41977
234 -0.417047 -2.17645 -0.796494
5 -0.337586 -2.79793 -0.961734
5 -0.358461 -2.16686 -0.959096
205 -0.399495 -2.22443 -0.934997
339 -0.0801476 -2.67107 -0.0131963
261 -0.263565 -2.6633 -0.929768
471 -0.0520767 -2.42613 -0.137178
302 0.0354645 -2.38858 -0.402061
205 -0.139329 -2.50489 -1.20002
432 0.143848 -2.51215 -0.00303314
5 -0.210987 -2.98415 -0.91644
205 -0.10336 -2.57661 -1.2346
277 0.127203 -2.41679 -0.799819
94 -0.270293 -2.56353 -0.941738
6 -0.291066 -2.67853 -0.859502
277 0.219342 -2.37921 -0.562434
190 -0.319759 -2.40474 -0.805949
457 0.100466 -2.32473 -0.250218
150 -0.250251 -2.66885 -0.964576
361 -0.218957 -2.48985 -0.20672
208 -0.29258 -2.19414 -1.10922
218 -0.441237 -2.09626 -0.724427
410 0.385603 -2.1542 -0.141341
278 0.0432965 -2.40765 -0.73068
406 0.351035 -2.24954 -0.0319378
274 -0.00392352 -2.47551 -0.56865
348 -0.173402 -2.45828 -0.105418
382 0.0399504 -2.49998 -0.0579337
1 -0.443778 -2.31398 -0.730884
218 -0.455587 -2.07735 -0.72813
205 -0.399529 -2.22214 -0.905044
218 -0.421924 -2.12555 -0.723517
1 -0.263234 -2.63113 -0.959171
218 -0.432379 -2.10675 -0.720107
205 -0.34148 -2.16835 -1.05399
1 -0.118676 -3.16993 -1.13616
218 -0.431641 -2.0956 -0.708213
218 -0.420607 -2.15738 -0.812257
218 -0.36366 -2.31277 -0.875217
218 -0.385062 -2.2705 -0.886197
313 -0.119404 -2.49978 -0.326186
219 -0.392114 -2.25356 -0.883167
1 -0.330656 -2.45348 -0.945222
219 -0.380012 -2.26961 -0.856135
382 0.0758685 -2.52705 -0.0411612
1 -0.294157 -2.57399 -0.925145
219 -0.440803 -2.10588 -0.741354
1 -0.297364 -2.48158 -0.916098
219 -0.451465 -2.0673 -0.698329
280 0.224568 -2.29563 -0.554327
206 -0.302704 -2.19128 -1.08703
219 -0.386661 -2.25329 -0.848516
2 -0.37812 -2.4189 -0.635628
219 -0.420435 -2.11406 -0.706356
219 -0.427714 -2.10787 -0.712797
220 -0.401646 -2.20004 -0.797224
4 -0.42215 -2.24595 -0.770034
220 -0.426763 -2.11374 -0.717621
4 -0.451635 -2.27124 -0.74582
220 -0.431948 -2.09848 -0.714568
206 -0.0834386 -2.46454 -1.26288
4 -0.289138 -2.41886 -0.824936
220 -0.35919 -2.31885 -0.85601
310 0.0746734 -2.39408 -0.684145
220 -0.193756 -2.89528 -1.05039
310 0.0823993 -2.39417 -0.442971
220 -0.272188 -2.50378 -0.749938
220 -0.297608 -2.42662 -0.737232
4 -0.418607 -2.02466 -0.764022
220 -0.36851 -2.30379 -0.863723
384 0.0885605 -2.34196 -0.242328
411 0.24552 -2.20108 -0.32843
280 0.215519 -2.41712 -0.659595
384 0.0930832 -2.52706 -0.0269674
280 0.00767753 -2.40676 -0.469669
220 -0.405187 -2.21806 -0.882681
4 -0.250955 -2.7081 -0.906754
220 -0.322217 -2.37537 -0.774739
4 -0.356482 -2.41259 -0.9572
221 -0.431728 -2.1016 -0.711116
384 -0.0443899 -2.43523 -0.13742
221 -0.0987037 -3.17224 -0.909082
87 -0.270302 -2.59251 -0.904722
221 -0.379545 -2.27179 -0.8509
222 -0.41239 -2.11063 -0.701198
412 0.337708 -2.28772 -0.00570925
281 -0.199045 -2.61107 -0.294151
4 -0.315206 -2.23357 -0.913215
222 -0.276805 -2.47957 -0.736457
222 -0.294253 -2.42454 -0.742214
311 0.060339 -2.56498 -0.50579
222 -0.302162 -2.40331 -0.732549
385 0.139166 -2.54162 -0.00534788
412 0.339039 -2.15842 -0.266987
282 -0.215777 -2.56767 -0.222998
312 -0.0361997 -2.44487 -0.116909
223 -0.333804 -2.36108 -0.810084
412 0.480676 -2.11252 -0.0477573
283 0.055665 -2.48397 -0.531691
89 -0.0755198 -3.18482 -1.2183
224 -0.327013 -2.3543 -0.775621
226 -0.215681 -2.62761 -0.973127
5 -0.380947 -2.43032 -0.821024
226 0.106369 -3.96826 -1.47741
410 0.356023 -2.18215 -0.139275
355 0.330712 -2.2727 -0.0508844
226 -0.185196 -2.93863 -1.07485
226 -0.250277 -2.66593 -0.981639
227 -0.0945835 -3.22175 -1.11471
227 -0.109588 -3.17863 -1.08467
227 -0.323951 -2.37343 -0.763245
227 -0.0519453 -3.33849 -1.0677
227 -0.184682 -2.88547 -1.07484
227 -0.0797494 -3.26425 -1.08833
228 -0.297333 -2.3183 -0.652669
215 -0.411554 -2.18665 -0.939834
228 -0.0519018 -3.38549 -1.17751
228 -0.00696985 -3.52127 -1.12913
411 0.54674 -2.12792 0.0981072
138 -0.245649 -2.6159 -1.02547
357 0.0238008 -2.51278 -0.0659082
228 -0.0830574 -3.26616 -1.10784
228 -0.306086 -2.44719 -0.791881
6 -0.486238 -2.24177 -0.583019
228 0.000243698 -3.54715 -1.30484
229 -0.286914 -2.32223 -0.637113
229 0.0467047 -3.75964 -1.3253
414 0.335001 -2.15824 -0.298429
286 0.0345817 -2.39022 -0.610501
358 -0.0146129 -2.49231 -0.07083
229 0.284016 -4.56276 -1.60082
229 -0.398489 -2.11299 -0.68987
6 -0.400047 -2.38878 -0.864542
230 -0.36465 -2.22255 -0.723251
316 0.182484 -2.33503 -0.655304
230 -0.270047 -2.64132 -0.996877
359 -0.21796 -2.4758 -0.173277
230 -0.00841161 -3.50578 -1.17143
230 0.0173512 -3.63814 -1.28343
230 -0.048633 -3.33919 -1.1085
234 -0.363855 -2.23873 -0.731026
429 0.243252 -2.56148 -0.0115468
1 -0.374529 -2.24797 -1.01925
389 0.0836438 -2.53467 -0.0309907
235 -0.13889 -3.07731 -1.14497
236 -0.392413 -2.24176 -0.878748
219 -0.412698 -2.1271 -0.708341
1 -0.313414 -2.38037 -0.404722
237 -0.409589 -2.18465 -0.79058
101 -0.311567 -2.55912 -0.878734
237 -0.439807 -2.1339 -0.823925
326 0.0929876 -2.39801 -0.101832
237 -0.407561 -2.19339 -0.906477
188 -0.298951 -2.5448 -0.933897
291 0.0658902 -2.42545 -0.655321
363 0.0206423 -2.53698 0.0133503
237 -0.432634 -2.15409 -0.848688
3 -0.375734 -2.5152 -0.630463
390 0.145111 -2.51138 -0.000271687
237 -0.160382 -3.01376 -1.12304
237 -0.465921 -2.07806 -0.762385
398 0.0960022 -2.516 -0.0321833
238 -0.46493 -2.09622 -0.851824
239 -0.463982 -2.08996 -0.869481
222 -0.136205 -3.00491 -0.858002
440 0.195359 -2.45523 0.00378771
239 -0.462321 -2.09842 -0.877255
239 -0.421502 -2.15379 -0.966768
4 -0.39955 -2.25186 -0.810653
240 -0.410423 -2.19369 -0.906986
416 0.333965 -2.17255 -0.223531
296 0.0697703 -2.38805 -0.134135
100 -0.33925 -2.47725 -0.992237
241 -0.469174 -2.08812 -0.847303
241 -0.455641 -2.10962 -0.896327
244 -0.474524 -2.07433 -0.842074
244 -0.480519 -2.05573 -0.87624
244 -0.478127 -2.06251 -0.890008
244 -0.373877 -2.15185 -1.1599
244 -0.463417 -2.09298 -0.871122
326 -0.248374 -2.49658 -0.112414
244 -0.478782 -2.06714 -0.899354
298 0.319894 -2.49331 -0.586569
244 -0.432765 -2.15026 -0.842088
244 -0.489894 -2.04856 -0.892267
467 -0.054431 -2.41075 -0.151669
298 -0.072701 -2.46531 -0.530394
244 -0.412769 -2.18038 -0.947818
245 -0.42251 -2.16644 -0.930614
442 -0.00385327 -2.44354 -0.109848
245 -0.411559 -2.19908 -0.894594
246 -0.447739 -2.09604 -1.01792
370 0.0883319 -2.54958 -0.0286695
332 -0.207017 -2.52621 -0.188766
246 -0.46233 -2.09446 -0.905348
246 -0.420118 -2.16549 -0.931558
249 -0.409939 -2.20052 -0.8837
250 -0.397081 -2.02575 -0.796502
250 0.977415 -3.66402 -2.95493
250 -0.498104 -1.87108 -0.635944
250 -0.434179 -1.97275 -0.738464
299 -0.287737 -2.64768 -0.302273
250 -0.501297 -1.86444 -0.631241
401 0.108835 -2.35928 -0.131592
250 -0.473112 -1.91861 -0.675619
251 -0.473581 -1.91456 -0.673055
251 -0.446157 -1.95204 -0.720714
251 -0.475477 -1.91308 -0.669548
299 0.00141153 -2.39978 -0.415678
251 0.0103417 -2.72165 -1.47274
15 -0.264112 -2.60948 -0.936338
252 0.526787 -3.16381 -2.20261
15 -0.371297 -2.32889 -0.855751
252 -0.204498 -2.40619 -1.0589
252 -0.483508 -1.89036 -0.658888
252 -0.469009 -1.92846 -0.680911
252 -0.441659 -1.96634 -0.727575
252 -0.38344 -2.09265 -0.8196
254 -0.492801 -1.8827 -0.644903
255 0.0498193 -2.57868 -1.52557
258 -0.24823 -2.67701 -0.954256
258 0.000212444 -4.25181 -1.1662
258 -0.283283 -2.54385 -0.934693
260 -0.134062 -2.59863 -1.17212
261 -0.132651 -3.11861 -1.12193
204 -0.306721 -2.46704 -0.896348
304 0.567551 -2.2615 -0.509303
269 -0.041672 -2.37372 -0.70933
304 -0.00493168 -2.49087 -0.599169
269 -0.0954135 -3.58889 -1.11783
338 0.196505 -2.43687 -0.03666
272 -0.303528 -2.65953 -0.31574
273 -0.243443 -2.59181 -0.30854
273 -0.224956 -2.60945 -0.315823
123 -0.201491 -2.60129 -1.13377
274 0.053616 -2.28887 -0.683781
274 0.0480215 -2.41426 -0.614429
124 -0.184183 -2.72072 -1.16243
274 0.108362 -2.35903 -0.773259
124 -0.107901 -2.78469 -1.22577
274 -0.0399582 -2.4839 -0.609594
274 -0.278465 -2.69029 -0.359154
275 0.149073 -2.3576 -0.61064
275 0.229307 -2.34755 -0.683125
305 -0.096087 -2.59436 -0.285298
275 -0.267016 -2.6275 -0.311881
276 0.165332 -2.32568 -0.639868
276 -0.208185 -2.57482 -0.266951
276 -0.0493928 -2.52089 -0.604687
277 0.155944 -2.43602 -0.518088
277 0.186316 -2.36658 -0.646717
277 0.129791 -2.39531 -0.614882
381 0.133629 -2.36667 -0.107429
408 0.493023 -2.22659 0.129252
277 0.244904 -2.32851 -0.656707
277 -0.278408 -2.66308 -0.316334
277 -0.0114345 -2.41304 -0.753263
408 0.45345 -2.24977 0.102186
277 -0.224475 -2.54353 -0.24944
277 0.18576 -2.28994 -0.698312
277 0.202466 -2.19496 -0.715695
352 -0.164759 -2.47939 -0.108938
277 -0.0419755 -2.54259 -0.519256
409 0.556064 -2.13332 0.133054
277 -0.250146 -2.64557 -0.35032
277 0.132783 -2.29063 -0.631961
278 0.172773 -2.37873 -0.585991
278 0.0264149 -2.46314 -0.604707
410 0.342076 -2.16148 -0.239103
279 0.296622 -2.29284 -0.734953
425 0.103 -2.40454 -0.0928718
382 -0.0505819 -2.43917 -0.0385796
279 0.218074 -2.28612 -0.820012
410 0.308134 -2.17561 -0.266338
279 0.0824955 -2.4994 -0.776142
382 0.0128178 -2.49869 -0.0766174
280 0.0682898 -2.41813 -0.629568
425 0.106279 -2.53563 -0.0209522
305 -0.018185 -2.45555 -0.55395
383 0.0306124 -2.47775 -0.0679892
410 0.482808 -2.13708 0.0196439
136 -0.24465 -2.76987 -1.10378
280 -0.202503 -2.56787 -0.257009
136 -0.258845 -2.66778 -0.970888
280 0.0923532 -2.47121 -0.566751
449 -0.0783852 -2.41743 -0.154318
407 0.312948 -2.34415 0.0212768
349 -0.0155349 -2.52673 -0.0802926
280 -0.0327435 -2.43094 -0.551951
410 0.419272 -2.31973 0.105669
280 0.247494 -2.28368 -0.644408
310 0.0799565 -2.38627 -0.150896
280 0.296303 -2.34999 -0.862458
411 0.317506 -2.17408 -0.250788
280 0.11766 -2.32972 -0.710629
411 0.133128 -2.28502 -0.226154
281 -0.213767 -2.52477 -0.174102
312 0.124407 -2.42185 -0.0606401
283 0.0598808 -2.40508 -0.606626
284 0.397784 -2.2409 -0.420188
413 0.425527 -2.22198 0.0387049
285 0.363362 -2.29722 -0.67498
428 0.10218 -2.55881 -0.0342815
386 0.154878 -2.50346 -0.014171
285 0.282501 -2.28066 -0.707706
413 0.242001 -2.2088 -0.298227
411 0.193854 -2.21799 -0.340698
280 0.209785 -2.29295 -0.768909
356 0.261535 -2.42615 -0.0248672
287 0.197097 -2.27472 -0.736974
388 0.0955726 -2.43357 -0.0763624
36 -0.362845 -2.30253 -0.670844
288 -0.0454417 -2.49817 -0.53276
1 -0.393431 -2.24049 -0.839973
288 -0.272664 -2.71645 -0.373571
1 -0.343528 -2.38252 -0.92275
289 -0.00958357 -2.55585 -0.67089
414 0.461285 -2.10464 -0.218389
289 0.0765309 -2.42463 -0.675969
289 0.193992 -2.34397 -0.654562
289 -0.0131542 -2.46252 -0.621574
1 -0.0921375 -3.61181 -1.09802
415 0.269694 -2.18729 -0.336835
181 -0.244439 -2.28536 -0.858654
290 0.317985 -2.28965 -0.751056
183 -0.200915 -2.53271 -1.00376
290 0.11699 -2.40498 -0.621614
415 0.356643 -2.15802 -0.385188
290 0.116727 -2.46647 -0.579891
413 0.529019 -2.14792 0.108798
362 -0.175584 -2.47287 -0.104628
290 -0.0226991 -2.45353 -0.806439
187 -0.286943 -2.5244 -0.906514
290 0.100998 -2.33043 -0.716056
292 0.0913689 -2.39394 -0.725306
391 0.0981699 -2.51326 -0.0394007
189 -0.269037 -2.60264 -0.802899
293 0.0938773 -2.43996 -0.612798
293 0.183591 -2.49029 -0.651704
459 0.183998 -2.40081 -0.0431972
162 -0.15174 -3.03327 -1.10854
365 0.0296902 -2.48578 -0.0644768
293 0.198501 -2.28807 -0.794411
295 0.268428 -2.40286 -0.676294
4 -0.303598 -2.54293 -0.925722
295 -0.0696744 -2.51127 -0.513762
222 -0.357577 -2.25175 -0.730968
416 0.530718 -2.20054 0.169426
295 -0.000168681 -2.51998 -0.477747
222 -0.329566 -2.38945 -0.810882
295 -0.0904396 -2.50817 -0.552345
222 -0.371451 -2.22445 -0.733542
295 0.311616 -2.23632 -0.50194
4 -0.417817 -2.27867 -0.842161
296 -0.14139 -2.5438 -0.462538
4 -0.413802 -2.41523 -0.488528
296 -0.262972 -2.64055 -0.31579
296 0.217165 -2.40712 -0.673003
7 -0.500175 -2.21632 -0.635785
325 -0.0179943 -2.66357 -0.0112123
416 0.266593 -2.19542 -0.308657
296 0.187577 -2.26653 -0.762905
296 0.156313 -2.29673 -0.168394
4 -0.41999 -2.21776 -0.825348
190 -0.164671 -2.9775 -1.07037
296 0.31184 -2.18849 -0.331604
395 0.0706722 -2.44195 -0.0724323
99 -0.373261 -2.45763 -1.09844
325 0.0849234 -2.53431 -0.031509
296 0.522133 -2.24567 -0.636074
191 -0.309109 -2.49307 -0.90719
296 -0.243139 -2.64125 -0.343941
416 0.246369 -2.21924 -0.23845
296 -0.0979656 -2.5043 -0.541964
296 -0.0680649 -2.43072 -0.144786
296 -0.0455693 -2.44839 -0.113179
296 -0.0862696 -2.42198 -0.159649
297 0.0330968 -2.28444 -0.191867
236 -0.317405 -2.41215 -0.804566
297 0.07645 -2.39133 -0.122974
192 -0.31998 -2.43103 -0.797217
297 0.277437 -2.23425 -0.152614
192 -0.267283 -2.59553 -0.794412
297 -0.2004 -2.45038 -0.100025
297 -0.10852 -2.36229 -0.406671
297 -0.233298 -2.79167 -0.41663
297 0.13567 -2.36558 -0.616866
297 0.0339729 -2.47133 -0.631524
192 -0.282466 -2.50724 -0.757736
297 -0.00337985 -2.42959 -0.331863
46 -0.366179 -2.31429 -0.787239
297 -0.241319 -2.60783 -0.313264
193 -0.322875 -2.42018 -0.791212
298 0.207031 -2.28415 -0.73065
298 0.237413 -2.31797 -0.822007
298 0.148446 -2.36436 -0.54715
298 -0.0459513 -2.527 -0.497459
415 0.37399 -2.13651 -0.244863
298 0.0416081 -2.53996 -0.701722
193 -0.100863 -3.74316 -1.1174
298 0.0645418 -2.3859 -0.143995
421 0.278067 -2.35058 -0.00206327
298 -0.0950827 -2.54112 -0.476549
467 -0.0167441 -2.4752 -0.0935841
421 0.326935 -2.42198 0.0858219
298 -0.000899338 -2.40635 -0.508149
421 0.182546 -2.43647 -0.0152219
299 0.0435459 -2.34621 -0.220146
58 -0.372695 -2.51135 -0.75585
299 0.0324656 -2.5477 -0.675512
194 -0.290439 -2.48662 -0.761323
299 0.176209 -2.19891 -0.274592
299 0.24664 -2.32228 -0.671617
299 -0.105156 -2.46266 -0.0937527
440 0.136203 -2.30474 -0.187706
103 -0.145614 -2.66815 -1.18082
327 -0.149554 -2.67352 -0.329936
195 -0.177139 -3.15138 -0.96072
299 0.0868954 -2.41254 -0.570626
195 -0.166695 -3.21362 -0.955763
299 0.150801 -2.46737 -0.786664
196 -0.0887661 -4.03255 -1.18292
300 0.0755343 -2.64861 -0.709861
300 0.0143756 -2.48635 -0.68239
190 -0.119344 -3.15402 -1.16156
296 0.436989 -2.17425 -0.604434
372 0.0120148 -2.46372 -0.0900299
300 0.103546 -2.36354 -0.155282
471 0.0221106 -2.513 -0.0666119
301 0.120597 -2.40276 -0.612708
302 -0.0604114 -2.4275 -0.147262
471 0.0968083 -2.59386 -0.0360302
302 0.0337437 -2.46783 -0.077929
192 -0.272594 -2.56811 -0.96151
471 0.137924 -2.42791 0.00990848
302 -0.0215096 -2.4647 -0.0966712
297 -0.0394612 -2.47112 -0.0961312
471 0.129837 -2.41485 0.0103152
302 0.104353 -2.40155 -0.0916571
193 -0.280366 -2.63718 -0.929511
374 -0.0235044 -2.45561 -0.0895668
471 -0.00177638 -2.45387 -0.10194
302 0.134237 -2.37184 -0.10919
302 0.282929 -2.36344 -0.0519468
302 0.134507 -2.38927 -0.285222
374 -0.123243 -2.42563 -0.160488
471 0.0332411 -2.37281 -0.196482
302 -0.0375231 -2.4763 -0.0782034
471 -0.0757749 -2.42191 -0.144196
302 -0.0122901 -2.54984 -0.576155
471 0.0838827 -2.58504 -0.0373616
423 -0.0720609 -2.44216 -0.120594
302 0.037533 -2.47863 -0.08301
471 0.0799154 -2.34744 -0.159955
302 -0.263377 -2.82379 -0.357247
303 0.0849595 -2.39348 -0.112789
303 0.144539 -2.28265 -0.143542
304 0.136287 -2.42738 -0.0495983
204 -0.111316 -2.78332 -1.2418
304 0.342913 -2.61145 -0.637178
204 -0.408007 -2.20659 -0.892974
304 0.112565 -2.40589 -0.0803691
471 0.157381 -2.44136 0.0189283
302 0.204661 -2.41555 -0.0677912
378 -0.216148 -2.46351 -0.107452
305 0.291242 -2.38942 -0.0169918
339 0.104293 -2.56612 -0.0138269
305 0.0521842 -2.4845 -0.0643872
78 -0.172566 -2.3789 -1.03992
305 -0.0493149 -2.44989 -0.112133
306 0.0256635 -2.49122 -0.0691768
206 -0.406087 -2.21187 -0.934346
306 0.0231753 -2.46647 -0.0726274
343 -0.0726283 -2.40156 -0.274036
306 -0.280474 -2.58152 -0.172519
308 -0.0161945 -2.48888 -0.0679552
311 0.112808 -2.55501 -0.554532
312 0.0378825 -2.46265 -0.593514
315 0.156604 -2.38559 -0.0780318
316 0.0117278 -2.47791 -0.443678
87 -0.27422 -2.55004 -0.955543
4 -0.382346 -2.19854 -0.786176
316 -0.0913432 -2.45532 -0.116516
226 0.047639 -3.73971 -1.30867
320 0.296847 -2.33144 -0.718558
325 0.292759 -2.42078 -0.0113356
392 0.0376881 -2.47909 -0.0706711
99 -0.256866 -2.64653 -0.741026
234 -0.119155 -3.13317 -1.08588
36 -0.499246 -2.61628 -0.794688
366 0.109355 -2.51783 -0.0253778
223 -0.347289 -2.27779 -0.727467
88 -0.130042 -3.56083 -1.00211
4 -0.415571 -2.4118 -0.690942
100 -0.315184 -2.30316 -0.84897
325 0.0266851 -2.3851 -0.178088
325 -0.0219533 -2.48762 -0.0869415
415 0.749534 -1.90976 0.180964
184 -0.112479 -3.01725 -1.14138
367 -0.260983 -2.48955 -0.184977
8 -0.260026 -2.60949 -0.94631
325 0.425945 -2.31033 -0.67645
101 -0.346537 -2.37993 -0.896647
326 0.105152 -2.5794 -0.00330027
326 -0.00373419 -2.65055 -0.00776395
11 -0.327377 -2.56812 -0.949741
327 0.153452 -2.38696 -0.0909627
327 0.283647 -2.21123 -0.141545
329 0.0330795 -2.21649 -0.302976
418 0.382829 -2.2573 0.0433038
297 0.456088 -2.26325 -0.62606
373 -0.229894 -2.50297 -0.121369
330 -0.00405868 -2.24334 -0.289456
331 0.0957109 -2.40933 -0.40375
252 0.254955 -2.93547 -1.84495
336 0.113781 -2.30806 -0.183952
17 -0.303938 -2.69504 -0.626166
338 0.274498 -2.34404 -0.0500615
339 -0.0878904 -2.45812 -0.120621
339 0.0682249 -2.52081 -0.0291935
339 0.0920451 -2.56291 -0.0249435
340 -0.206257 -2.58906 -0.250697
340 -0.214645 -2.49079 -0.165448
20 -0.38583 -2.3025 -0.809714
341 0.131573 -2.57198 -0.0038068
342 0.185961 -2.41112 -0.0634471
344 0.0940321 -2.36628 -0.138087
405 0.1374 -2.30471 -0.187536
344 0.111685 -2.57714 -0.00332559
345 -0.216441 -2.49015 -0.208002
405 0.430076 -2.32673 0.13011
346 -0.243616 -2.46376 -0.159042
346 -0.199539 -2.46138 -0.113395
346 0.104826 -2.5484 -0.0178841
406 0.542084 -2.26197 0.218048
23 -0.293423 -2.49148 -0.919732
348 -0.056511 -2.47125 -0.0921144
122 -0.0277698 -2.83836 -1.21493
348 0.127546 -2.54571 -0.0090636
348 0.11138 -2.57129 -0.0170345
123 0.0395375 -3.2019 -1.46825
123 -0.0414604 -2.88203 -1.31024
348 0.162005 -2.41942 -0.0234423
406 0.394745 -2.24387 0.0189615
348 0.114516 -2.36414 -0.130709
277 0.378321 -2.27891 -0.866021
352 -0.105293 -2.46846 -0.0988744
355 -0.0197183 -2.48927 -0.0868108
280 0.00829922 -2.51393 -0.5692
356 0.124426 -2.73758 -0.0080798
357 0.204142 -2.72882 0.00322336
358 0.102658 -2.56225 -0.0252815
428 0.130152 -2.47071 -0.0321206
216 -0.403558 -2.18816 -0.973769
359 -0.217435 -2.47568 -0.174092
455 0.191563 -2.40792 -0.0254262
412 0.4419 -2.16452 -0.0106736
359 -0.221485 -2.47606 -0.163118
412 0.566052 -2.13538 0.151454
359 -0.254379 -2.46134 -0.201265
429 -0.0234264 -2.45379 -0.0978999
388 0.0773691 -2.49228 -0.0518518
412 0.277206 -2.18934 -0.30428
359 -0.230718 -2.46922 -0.201181
412 0.256771 -2.19927 -0.308805
359 -0.156613 -2.46813 -0.127837
147 -0.246727 -2.74492 -1.08359
360 -0.227275 -2.46952 -0.215853
147 -0.248872 -2.69375 -0.981844
360 -0.23261 -2.48086 -0.205259
360 -0.269342 -2.46582 -0.185193
362 0.08751 -2.35365 -0.153601
1 -0.300363 -2.5566 -0.867785
458 0.141497 -2.41251 -0.112725
34 -0.370633 -2.26504 -0.81925
363 -0.0252262 -2.44353 -0.120148
364 -0.25261 -2.45661 -0.226116
413 0.201281 -2.22779 -0.290279
364 -0.249644 -2.45609 -0.19426
4 -0.31865 -2.43074 -0.411208
34 -0.389208 -2.30432 -0.81405
365 -0.00141741 -2.49818 -0.0780521
365 0.110067 -2.50647 -0.0294876
459 0.164102 -2.38249 -0.0683787
365 -0.231571 -2.46081 -0.227054
162 -0.127422 -2.96637 -1.23383
365 0.252624 -2.48336 -0.0194812
414 0.25914 -2.21637 -0.226346
366 0.0806395 -2.55257 -0.0388106
4 -0.391076 -2.47894 -0.65495
221 -0.367164 -2.2275 -0.727745
391 0.100176 -2.50607 -0.0325469
366 -0.263283 -2.44835 -0.20838
366 -0.156838 -2.41878 -0.064438
221 -0.369915 -2.30277 -0.87889
414 0.544316 -2.0112 -0.186449
35 -0.38561 -2.44208 -1.0376
366 0.0400337 -2.48232 -0.0703952
414 0.419699 -2.1005 -0.258811
366 -0.0836679 -2.40568 -0.178165
366 -0.0156879 -2.46645 -0.0994304
287 -0.161477 -2.57259 -0.392189
4 -0.454707 -2.31222 -0.601386
392 0.0917998 -2.51087 -0.0506103
415 0.666946 -2.04599 0.228292
180 -0.244443 -2.28535 -0.85865
367 0.0361248 -2.49212 -0.0678657
368 0.0367157 -2.48226 -0.0735178
415 0.351588 -2.13251 -0.333164
291 -0.063711 -2.38736 -0.718772
189 -0.302406 -2.48346 -0.891524
293 -0.0902123 -2.53466 -0.483445
370 0.0387814 -2.46827 -0.0789081
416 0.367835 -2.13495 -0.262294
370 0.114496 -2.51464 -0.0243432
370 -0.02874 -2.41418 -0.155361
39 -0.367753 -2.31567 -0.789995
370 -0.0813416 -2.48023 -0.106067
40 -0.262243 -1.5988 -0.582596
372 -0.0431113 -2.47423 -0.098761
71 -0.278773 -2.55825 -0.946873
376 0.0352422 -2.36892 -0.188139
196 -0.175922 -3.19759 -0.965646
376 -0.0120278 -2.45198 -0.101537
377 0.0218836 -2.51371 -0.0661346
377 0.123271 -2.36262 -0.118981
471 0.131424 -2.52561 -0.0232268
378 0.0554597 -2.51165 -0.0541954
379 0.20386 -2.42069 -0.0075335
423 0.115166 -2.29659 -0.218976
471 0.0321607 -2.52076 -0.059676
379 0.00792509 -2.49129 -0.0784205
471 0.172887 -2.43565 -0.0408389
302 -0.00283898 -2.44926 -0.105296
471 -0.0450653 -2.49707 -0.087876
302 0.0573686 -2.48266 -0.0636025
75 -0.267795 -2.68642 -0.989671
380 0.0497034 -2.49317 -0.0682829
76 -0.283151 -2.54423 -0.937221
204 -0.115482 -2.67851 -1.22368
382 0.0833058 -2.52992 -0.0430385
425 0.143938 -2.49346 -0.0126231
305 0.0273933 -2.51092 -0.06723
206 -0.415757 -2.17931 -0.937006
306 -0.029572 -2.45982 -0.0854413
206 -0.386088 -2.25833 -0.891518
207 -0.342354 -2.21181 -1.03764
207 -0.39585 -2.22154 -0.912488
384 -0.10435 -2.48478 -0.0989034
384 0.0862289 -2.4358 -0.0756507
307 -0.137616 -2.53789 -0.317201
385 -0.0572091 -2.44572 -0.122161
80 0.00554433 -4.43166 -1.20786
385 0.0350029 -2.46229 -0.0828775
307 -0.00338874 -2.63795 -0.574308
385 -0.00848876 -2.47733 -0.0914348
385 0.11796 -2.4129 -0.0704303
385 0.128613 -2.46634 -0.0338458
214 -0.421476 -2.15872 -0.966073
386 0.0355308 -2.37967 -0.185414
386 -0.0287118 -2.51233 -0.0767729
387 0.139555 -2.43089 -0.0500315
387 0.12943 -2.42457 -0.0607721
217 -0.391858 -2.24422 -0.87801
388 0.170006 -2.42872 -0.0282526
388 0.116009 -2.55597 -0.0278938
388 -0.017454 -2.43856 -0.123026
83 -0.215279 -2.5331 -1.11235
218 -0.376203 -2.28576 -0.849694
1 -0.362928 -2.37726 -1.0488
1 -0.484729 -2.29812 -0.619471
1 -0.141167 -3.05946 -1.09912
389 0.15103 -2.53914 -0.0266936
1 -0.292241 -2.64742 -0.878795
219 -0.425558 -2.11937 -0.725683
219 -0.36513 -2.25519 -0.751497
219 -0.324784 -2.37124 -0.777074
1 -0.176529 -2.65389 -0.449332
219 -0.265845 -2.64749 -0.994724
390 0.0972437 -2.51181 -0.0405809
219 -0.330484 -2.35174 -0.769131
1 -0.281596 -2.52087 -0.479105
1 -0.349852 -2.4506 -1.00006
219 -0.435454 -2.09641 -0.713474
390 -0.104016 -2.49302 -0.0964374
1 -0.367062 -2.28421 -0.958032
219 -0.397682 -2.21164 -0.796767
220 -0.362383 -2.28818 -0.831668
4 -0.367163 -2.64624 -0.623927
220 -0.361631 -2.25211 -0.737251
220 -0.311416 -2.47002 -0.822746
391 0.190315 -2.40274 -0.0322631
220 -0.355677 -2.25506 -0.730051
316 -0.231703 -2.56813 -0.217251
221 -0.327107 -2.34871 -0.756434
391 0.0970933 -2.52809 -0.0269172
221 -0.270944 -2.62182 -0.973239
87 -0.284699 -2.54748 -0.914986
4 -0.514149 -2.16991 -0.656657
221 -0.42157 -2.11471 -0.720509
87 -0.329856 -2.3919 -0.942898
221 -0.312169 -2.39051 -0.760598
4 -0.417986 -2.5877 -0.975056
222 -0.332085 -2.35585 -0.77236
4 -0.336768 -2.47572 -0.979795
4 -0.387755 -2.13294 -0.815062
222 -0.310264 -2.45397 -0.820053
4 -0.386776 -1.89515 -0.796553
4 -0.396137 -2.11068 -0.948508
4 -0.366649 -2.1815 -0.833958
222 -0.435855 -2.05674 -0.699799
4 -0.574109 -2.23102 -0.73264
4 -0.375279 -2.42161 -0.911152
223 -0.365202 -2.25608 -0.7514
431 -0.0385848 -2.45363 -0.0944062
4 -0.574724 -2.29898 -0.647355
4 -0.419504 -2.33801 -0.442324
223 -0.286056 -2.56495 -0.962749
4 -0.267496 -2.62271 -0.939262
392 0.0515143 -2.47114 -0.0808489
88 -0.169039 -3.25366 -0.943805
4 -0.37287 -2.39874 -0.75236
4 -0.431759 -2.40704 -0.837111
4 -0.409079 -2.3833 -0.891717
5 -0.258072 -2.56372 -0.724571
